GLOBAL
Accuracy: 0.43964555719327414 (1.7554167342883506E-17)
Precision: 0.43964555719327414 (1.7554167342883506E-17)
Recall: 1.0 (0.0)
F1: 0.584014208106824 (0.0)

FUW
Accuracy: 0.43964555719327414 (1.7554167342883506E-17)
Precision: 0.43964555719327414 (1.7554167342883506E-17)
Recall: 1.0 (0.0)
F1: 0.584014208106824 (0.0)

FIW
Accuracy: 0.7911012969333262 (0.0019683677226414913)
Precision: 0.5737955041813045 (0.0020912630363664284)
Recall: 0.6382978723404255 (3.510833468576701E-17)
F1: 0.5970531184716957 (0.001517028352967862)

