K=1
Accuracy: 0.4274924471299094 (1.7554167342883506E-17)
Precision: 0.4274924471299094 (1.7554167342883506E-17)
Recall: 1.0 (0.0)
F1: 0.598941798941799 (0.0)


K=5
Accuracy: 0.4274924471299094 (1.7554167342883506E-17)
Precision: 0.4274924471299094 (1.7554167342883506E-17)
Recall: 1.0 (0.0)
F1: 0.598941798941799 (0.0)