Global
Accuracy: 0.4274924471299094 (1.7554167342883506E-17)
Precision: 0.4274924471299094 (1.7554167342883506E-17)
Recall: 1.0 (0.0)
F1: 0.598941798941799 (0.0)

FUW
Accuracy: 0.4274924471299094 (1.7554167342883506E-17)
Precision: 0.4274924471299094 (1.7554167342883506E-17)
Recall: 1.0 (0.0)
F1: 0.598941798941799 (0.0)

FIW
Accuracy: 0.7507552870090635 (0.0015105740181268878)
Precision: 0.8208952490822574 (0.004473074311571014)
Recall: 0.5335689045936397 (3.510833468576701E-17)
F1: 0.6467106234161819 (0.0013861372928954225)
