K=1
Accuracy: 0.43964555719327414 (1.7554167342883506E-17)
Precision: 0.43964555719327414 (1.7554167342883506E-17)
Recall: 1.0 (0.0)
F1: 0.584014208106824 (0.0)

K=5
Accuracy: 0.43964555719327414 (1.7554167342883506E-17)
Precision: 0.43964555719327414 (1.7554167342883506E-17)
Recall: 1.0 (0.0)
F1: 0.584014208106824 (0.0)
