GLOBAL
Accuracy: 0.4274924471299094 (1.7554167342883506E-17)
Precision: 0.4274924471299094 (1.7554167342883506E-17)
Recall: 1.0 (0.0)
F1: 0.598941798941799 (0.0)

FUW
AVERAGES:
Accuracy: 0.4274924471299094 (1.7554167342883506E-17)
Precision: 0.4274924471299094 (1.7554167342883506E-17)
Recall: 1.0 (0.0)
F1: 0.598941798941799 (0.0)

FIW
Accuracy: 0.42069486404833834 (2.3884272357767018E-4)
Precision: 0.42357381114303294 (1.3861746462041604E-4)
Recall: 0.9840989399293287 (5.587063003831098E-4)
F1: 0.5922377733058992 (2.3666852952173453E-4)