K=1
Accuracy: 0.4028158866230978 (0.0159461736702149)
Precision: 0.4028158866230978 (0.0159461736702149)
Recall: 1.0 (0.0)
F1: 0.5724672263018931 (0.016114389254341253)

K=5
Accuracy: 0.4028158866230978 (0.0159461736702149)
Precision: 0.4028158866230978 (0.0159461736702149)
Recall: 1.0 (0.0)
F1: 0.5724672263018931 (0.016114389254341253)
