Global
Accuracy: 0.4217550826514052 (0.022830575771447318)
Precision: 0.4217550826514052 (0.022830575771447318)
Recall: 1.0 (0.0)
F1: 0.5897389301468527 (0.02213088888675414)

FUW
Accuracy: 0.4217550826514052 (0.022830575771447318)
Precision: 0.4217550826514052 (0.022830575771447318)
Recall: 1.0 (0.0)
F1: 0.5897389301468527 (0.02213088888675414)

FIW
Accuracy: 0.8038448940633869 (0.016461907839592213)
Precision: 0.8743613885428625 (0.02759553881315808)
Recall: 0.6295605771705116 (0.033400659454204146)
F1: 0.7247694110808377 (0.024994369048030162)
