Matchbox L=1
Accuracy: 0.9382269503546098 (0.0011278602792083947)
Precision: 0.9674386226718712 (0.002494098628584249)
Recall: 0.8873977086743043 (0.002300659036439352)
F1: 0.9256490481144268 (0.0013592151979634386)


Social Matchbox L=1, B=0.001
Accuracy: 0.9387943262411348 (0.0011741819639830252)
Precision: 0.9709613353377591 (0.0017065466473550014)`
Recall: 0.8852700490998364 (0.00262325700885733)
F1: 0.9261053536554256 (0.0014792896770106207)