K=1
Accuracy: 0.4217550826514052 (0.022830575771447318)
Precision: 0.4217550826514052 (0.022830575771447318)
Recall: 1.0 (0.0)
F1: 0.5897389301468527 (0.02213088888675414)

K=3
Accuracy: 0.4217550826514052 (0.022830575771447318)
Precision: 0.4217550826514052 (0.022830575771447318)
Recall: 1.0 (0.0)
F1: 0.5897389301468527 (0.02213088888675414)

K=5
Accuracy: 0.4217550826514052 (0.022830575771447318)
Precision: 0.4217550826514052 (0.022830575771447318)
Recall: 1.0 (0.0)
F1: 0.5897389301468527 (0.02213088888675414)
