Global
Accuracy: 0.4578314459394842 (1.7554167342883506E-17)
Precision: 0.4578314459394842 (1.7554167342883506E-17)
Recall: 1.0 (0.0)
F1: 0.6010861519668864 (3.510833468576701E-17)

FUW
Accuracy: 0.4578314459394842 (1.7554167342883506E-17)
Precision: 0.4578314459394842 (1.7554167342883506E-17)
Recall: 1.0 (0.0)
F1: 0.6010861519668864 (3.510833468576701E-17)

FIW
Accuracy: 0.8154673211404262 (0.0010010196619878928)
Precision: 0.6270556242469623 (0.001439389301843087)
Recall: 0.6868038740920097 (4.5460008124742545E-4)
F1: 0.6495721930697139 (0.0010202503590862311)