C=2E-5
Precision: 0.4274924471299094 (1.7554167342883506E-17)
Recall: 1.0 (0.0)
F1: 0.598941798941799 (0.0)

C=2E-3
Accuracy: 0.6217522658610272 (0.00553867984910148)
Precision: 0.5410551968666946 (0.0049967648552817785)
Recall: 0.7763250883392226 (0.015190647918706052)
F1: 0.6366997500892431 (0.004380371813446887)

C=2E-1
Accuracy: 0.6682779456193353 (0.01083029953221025)
Precision: 0.6058403803474081 (0.016622612248841467)
Recall: 0.7236749116607775 (0.04178226710457567)
F1: 0.6480691930938399 (0.007713188751082137)

C=1
Accuracy: 0.691238670694864 (0.006633466984767801)
Precision: 0.6145429686621091 (0.008721792717797508)
Recall: 0.7586572438162544 (0.01700561011144618)
F1: 0.6772237958525683 (0.005491816733527003)

