K=1
Accuracy: 0.4578314459394842 (1.7554167342883506E-17)
Precision: 0.4578314459394842 (1.7554167342883506E-17)
Recall: 1.0 (0.0)
F1: 0.6010861519668864 (3.510833468576701E-17)

K=5
Accuracy: 0.4578314459394842 (1.7554167342883506E-17)
Precision: 0.4578314459394842 (1.7554167342883506E-17)
Recall: 1.0 (0.0)
F1: 0.6010861519668864 (3.510833468576701E-17)

K=10
Accuracy: 0.4578314459394842 (1.7554167342883506E-17)
Precision: 0.4578314459394842 (1.7554167342883506E-17)
Recall: 1.0 (0.0)
F1: 0.6010861519668864 (3.510833468576701E-17)
