Social Matchbox
B=0.001, L=1
Accuracy: 0.6238670694864048
Precision: 0.6235715855646233
Recall: 0.30247349823321557
F1: 0.4070200432478934

NO FEATURES
Accuracy: 0.6149546827794562 (0.004327998866860555)
Precision: 0.6391228287722476 (0.01277439803915975)
Recall: 0.22720848056537105 (0.00979315091235547)
F1: 0.3344650364999397 (0.011464939535245267)


Matchbox
L=1
Accuracy: 0.6243202416918429
Precision: 0.6103531455009163
Recall: 0.33674911660777385
F1: 0.43380701431987906

NO FEATURES
Accuracy: 0.617522658610272 (0.005699490055375204)
Precision: 0.6366364834442296 (0.017999438441881982)
Recall: 0.25123674911660776 (0.012285950275059946)
F1: 0.35820285963654636 (0.013416935038628248)